800319
359875
346923
223903
154961
715487
955448
382814
441684
222740
194591
989254
276800
411767
662302
155825
518521
652425
983341
160861
270120
723696
654304
152612
364375
574809
155723
246733
822856
646596
427695
185200
450467
211703
189269
387139
573193
343696
402454
308366
429031
173842
922624
435004
284031
923032
811144
419072
429821
106325
316777
887475
964060
486097
420743
648292
421228
360234
630226
773280
316010
250891
258808
596713
696637
788650
825050
900518
105913
423275
412225
101585
318034
362702
549518
774827
816642
891694
355133
444416
648466
141408
570753
941627
119468
904701
351606
449279
360686
942958
501750
858444
868224
923290
100508
446925
120580
479043
843639
773642
337711
502568
850915
552494
939532
594298
520563
512482
110513
608571
666927
768513
222647
959873
317227
896518
468798
212990
638384
316242
103172
432857
335510
217708
145844
826288
430341
613202
506142
589021
848802
704285
125574
416158
738093
252991
538054
951088
237065
347409
642191
912995
330928
207322
969254
250924
751692
730825
108741
201647
620716
361726
898887
850152
507732
865752
220360
159579
602178
932572
871281
116215
284298
655914
892162
320227
230339
908786
311932
736785
106265
355319
727994
553107
312394
409140
980726
976230
643847
994680
479838
253507
603545
668674
306041
687589
158992
833375
576876
748380
331944
604650
921297
411640
295442
183094
624701
353788
573816
915357
967324
935881
135925
871664
440980
954317
769546
659045
741176
514705
671111
370010
529661
507568
158874
379722
640252
875891
519127
957515
160850
617826
843500
875103
981782
598158
261219
436018
754734
775352
847458
652539
713542
705949
548383
931644
120314
680790
658731
974490
933377
897825
488439
987117
705927
610662
548837
489953
917441
924188
345068
642664
393733
406611
691332
528504
784194
411969
997707
494900
562712
222072
642572
672307
432177
975654
541471
349443
537682
794675
923609
466028
811750
305540
232792
666963
256922
114735
506234
420870
741790
679998
845623
166850
883949
497521
805811
879417
171830
979913
973849
528353
512849
410010
393716
491747
714527
232023
129059
656041
130695
367792
101686
141338
443281
804877
379161
748977
575700
217028
313702
224064
421410
617113
752911
905140
480922
658594
597615
253670
157756
651369
825593
554998
879133
302942
178177
875733
246773
961728
875173
865289
907867
527399
179310
517236
877340
378750
282644
688662
691375
110236
381305
330910
185857
129987
216629
952741
275068
876225
294769
597249
703924
923829
160384
217921
109855
112576
649566
221063
364624
239981
354430
905108
711133
512377
751337
825829
891103
630969
656178
959357
770843
748067
651887
617486
899894
727192
352471
440621
831126
424903
780896
364679
478159
311702
398857
295836
368967
767358
854117
582823
404767
739651
319576
298152
481376
749884
357834
629747
839818
887084
736992
496882
918976
774901
210070
123140
567994
370387
441064
975432
158035
721340
910122
773744
383742
254736
512221
568051
488094
127684
983006
957834
501035
100625
200209
751988
186330
945394
855465
773817
431808
725058
996546
216841
266064
830838
476623
946045
632710
255578
123515
767522
459841
571954
702459
331956
830754
540901
654860
496091
442708
400650
105971
562966
253354
523478
705058
345259
773778
284881
619251
963369
927629
940672
735965
380105
857577
749279
406587
785985
265319
103817
602762
284748
729403
170744
108030
896694
937616
663688
877602
437323
833272
462766
218318
848718
620449
850399
603166
871518
310714
673829
852921
392334
363734
317073
950004
607863
707164
159743
240245
328615
970805
266699
364940
707665
873417
712870
604218
202490
102127
143642
547058
314377
859952
707982
770937
874612
995123
485172
262607
333499
879010
107064
545358
149039
970993
914303
412716
695129
157792
595599
970047
226297
468196
372488
904671
891795
683082
843492
641088
446242
858204
531945
339177
566438
882132
683854
537398
802430
970976
871600
558155
144202
991745
187562
187848
144952
873949
177816
764629
317661
826319
181230
342210
902535
172655
960239
727746
885022
329335
906902
704288
997497
870046
420382
393389
290155
373390
726730
944325
861897
276621
165146
410117
272420
760959
194271
226289
283957
115041
608277
321181
499041
246052
477414
976595
437849
579883
928677
349916
144024
973126
445702
436897
515083
129105
869820
120972
833027
381193
267526
296187
913743
388453
901790
737333
760406
762512
416734
568973
786437
426676
514037
484365
910724
422073
697629
563607
963398
983300
585874
119665
665223
664043
939667
410465
612715
903806
771919
755895
948005
179617
674708
583773
998413
736646
279778
442598
279307
776939
305354
655039
690263
284436
116502
903425
774003
164402
537505
982053
861602
659976
437814
679058
596481
606589
858084
952709
562685
252156
664550
475443
735884
411137
986894
245604
264455
177929
876868
719500
140792
260385
116815
989251
106518
913324
368258
150240
262349
884754
751156
331759
763047
176641
886568
498297
625225
563106
733928
444929
165674
621328
653396
756891
908585
276604
274375
966752
806080
177269
583958
380076
160132
574639
963748
431558
214987
992099
603597
839592
275137
251523
496728
487771
210681
155030
957526
915672
884729
966592
499827
611511
386621
666538
143017
800416
292685
501470
291227
879310
124093
545601
444649
741497
579299
650676
996280
276321
793673
133295
437602
171889
580415
383768
208712
420753
344509
574410
406759
103136
188842
794320
751705
506738
137772
838883
315237
435173
831496
515093
523981
442521
693422
984964
759913
525881
690248
552295
683995
370946
899064
714027
595453
484591
210261
443163
776722
458956
134335
489236
913608
837053
628831
806082
895705
699021
423055
451463
326633
822883
329654
680203
501742
597919
621548
990637
551046
848830
219795
539970
506306
337144
953051
409080
912015
759205
599500
347010
569950
209869
364339
231692
258178
509966
790308
262754
166923
212661
596347
344854
128589
768508
452019
929063
329076
814529
112823
588997
893786
506981
559245
169377
663838
245920
518199
131202
460779
538695
250099
960884
324665
775564
716744
490382
993791
949625
560471
717175
259288
192914
725873
509410
601260
610443
662690
992266
483372
474592
979130
165771
817381
989717
682800
352866
539565
965031
657249
566614
366678
139154
877135
497598
970765
669235
587666
569342
190766
767214
355674
229628
879614
482440
778945
159603
595268
998913
663504
948505
436691
982011
484831
284699
263834
398442
699741
458944
430905
562581
534105
367412
678335
230429
556877
303232
779888
247257
991672
665143
768567
622578
390200
241754
737698
156128
740173
959886
417608
279952
258771
534728
213020
641707
766663
423542
723460
253355
258705
938730
473576
572244
728427
847248
927357
864515
105226
858396
812898
434116
672466
528675
594207
782027
917223
364228
868152
238826
670261
397983
673250
775787
891039
825497
155206
237447
693717
832514
554326
834954
857451
767691
824768
912828
966529
866187
322082
110129
923740
368346
766724
435901
448938
209877
614054
405510
162876
640776
225285
674131
987664
720369
515530
203648
388344
574345
480561
174949
425832
272618
916268
515117
867359
761630
635947
947894
630906
471020
253050
458689
159214
412218
627720
250844
229547
192690
642951
401016
191074
386349
728873
911334
410493
694068
430516
340718
823099
828873
171756
572508
112991
556780
894331
931496
200474
723111
615699
465975
424392
625547
877772
399851
700545
404890
999662
128964
535510
174357
226391
428944
100577
421830
727819
158328
241222
865184
589018
179468
681417
154303
126553
374833
339068
121852
866005
311556
659914
867363
975797
734652
757128
138315
472454
525650
910346
631193
926477
894661
330335
370780
326878
180927
329617
613457
637413
178523
243438
215431
769747
746397
701539
450362
757938
960236
546293
915034
897146
932967
276773
847670
724423
375730
768654
242242
237018
186407
468918
456951
902993
439840
344292
434826
694725
508009
862644
953033
491939
280798
678765
298880
126444
414064
654746
247092
565680
747645
393990
678782
176442
301692
420368
726819
187866
740323
459122
663867
437853
403832
128483
123144
920628
937359
824903
185948
288842
403950
210834
847909
969806
431974
702794
186317
937061
440913
458241
852024
965372
137346
241076
850844
601952
996987
823745
880722
884229
424579
196704
510644
301648
694996
936058
574503
865313
672873
636478
816398
553511
158151
730143
652448
876134
816357
747955
815282
917435
588185
561329
975703
582011
965422
386429
170572
955543
745983
704483
565807
958183
206351
211582
182175
719432
430117
597427
585164
605874
761219
799424
576293
945695
294251
107285
488246
260635
757545
272808
796035
677373
440766
573330
167337
881029
191092
583470
869181
385619
616107
137397
954332
846277
703063
963299
420478
420961
445423
341830
971913
744856
555813
854380
695581
460023
601877
460612
353910
113681
241820
568716
698449
687129
937917
372209
319994
187157
516208
289528
680643
123200
814447
603266
457106
451353
746232
919619
157744
436353
840071
508428
293999
610672
722433
786962
982773
834168
583980
692215
555632
796762
786198
584990
795497
996239
452776
644902
993590
678298
893754
281214
139204
194349
178498
288283
344860
210324
959606
818754
795140
359275
638435
839304
495108
780063
456357
114313
945543
842949
982881
943625
446958
608902
675132
824941
470894
746404
390444
283718
275724
439440
888101
274570
427390
569735
524764
367785
911374
841964
256470
510318
634602
709007
781493
836035
427834
333837
453953
840291
835799
107456
164451
636284
737893
899533
224196
619902
758956
574344
133666
826719
835243
840862
888354
723532
507623
270214
103147
528140
971093
501756
783484
675794
329345
945002
131359
634275
847806
389218
228675
997477
802059
209302
975545
853275
142011
851108
209776
134165
634357
247035
157177
879350
909998
567922
864441
365894
964368
163731
591790
892128
576689
886036
981578
586586
509593
346005
257923
618672
357653
340621
407443
625765
512689
990792
264464
214322
714937
950280
741189
159613
697129
272848
469260
350166
753334
708974
123481
365886
931922
183717
168310
514013
180963
994113
120734
421739
847603
675996
385554
682365
255999
915223
230520
832494
340658
977174
989183
309419
820038
762770
824546
591928
917100
889534
642965
593156
392644
964939
461087
403170
346870
292401
480211
148035
166434
126490
305812
376328
527597
666173
994578
184234
115225
866516
330438
954928
868555
998562
619695
348795
339520
954111
526579
986516
922213
494305
509845
515527
163906
688621
345013
727172
352342
829702
162938
478498
361860
192566
553583
647544
398061
900493
713579
919718
267336
895562
587321
737858
530262
320285
328567
381251
550411
304883
952924
438315
468582
702290
111051
406244
119157
944623
272103
977936
775781
377852
579668
998459
474099
533664
646418
794799
766873
855523
186162
165185
773772
772149
372285
296624
962072
901691
454065
963727
945766
338335
898293
844104
820547
802888
611599
689241
672784
261385
608384
391756
339040
835766
553400
659594
644136
347882
714965
279390
951771
440976
505795
569672
923289
937658
602483
209705
761261
743496
717962
331721
360582
605301
514810
497267
287590
878437
286352
601528
400070
214630
907469
795723
552514
201544
117097
820196
581394
403873
458913
991805
516150
624037
866162
584641
961418
680213
835624
980076
249079
584132
569955
853490
973555
659697
998154
177507
840709
969800
704885
145281
432728
700791
678683
689786
420515
714832
291941
924521
967854
668968
698139
562812
202132
462150
171991
705854
549156
414677
718043
247385
305467
397690
415073
348306
528411
648264
559842
674571
435271
253069
944541
543991
338679
134460
326876
149602
903426
147494
977698
568677
947260
309686
119369
960043
218109
274575
713194
166639
460467
692198
135781
809546
733562
837443
939012
447302
883982
690279
335685
235170
330080
674739
766379
609885
963916
671523
129024
995260
647359
971316
562984
531517
726009
540894
793526
464698
718756
204895
817757
910160
679821
759761
272342
853064
611293
110920
897351
195882
625400
902697
139642
327823
125845
537959
687904
581546
867583
849506
321851
312381
119721
902505
759638
765194
142120
841806
226650
206857
937740
799805
404124
930641
110757
512644
410546
899670
409315
437264
300434
853557
857204
341221
900458
756899
357246
299405
613405
402040
318960
645678
887119
975171
990836
478433
639772
197141
949759
924182
941776
364756
579184
479025
510726
718477
725194
790848
170837
517967
111628
366210
513659
717369
815955
249235
661040
545333
119908
995805
646114
158886
591236
599615
839259
474343
447188
742894
415897
599046
674293
265163
897472
747368
292060
282467
711929
907564
730579
933690
922897
945704
483142
832809
390021
705369
576234
990821
136623
529817
563184
855383
733223
961652
915950
297559
896632
544991
340061
531597
583206
970381
527682
965792
374312
256779
856972
208832
529222
876835
227826
191535
849280
591914
218820
589206
215904
479489
221540
989901
422046
199988
635880
296818
607882
179908
274672
979317
278980
986824
681704
720253
680296
994684
315238
486981
710412
588044
296236
554613
794183
561885
470607
602054
925201
647257
279396
841833
155938
224867
695419
611111
580090
124452
960901
781763
538029
955632
199023
361352
489471
996039
891121
467309
926519
175642
537294
249463
953310
871301
986780
593682
150581
173102
322476
689589
598628
438902
916579
325718
344346
788369
608607
821892
801209
876248
175252
596363
631720
462369
682384
639685
591943
122942
997578
876314
620255
882261
800587
194367
268652
244840
348826
844895
172941
311057
268021
567989
112930
606713
459193
925173
737665
451477
689903
688585
846814
338871
165669
756876
521677
341790
322249
894971
361978
535587
762434
294203
329399
748835
304353
270565
402271
830448
616506
744924
722295
410702
508944
501888
235689
532752
880252
637997
379288
653252
795532
807081
428528
627991
208439
303939
178490
261517
397415
161612
651830
868841
917332
329164
324140
658600
932961
756650
777467
887728
402257
528303
970987
152711
826327
447786
616425
675853
452474
932315
622763
985075
228372
878381
337160
147601
985594
369377
934711
144029
155297
339909
890550
819071
779072
712607
269332
720212
969569
323733
288397
300118
487813
155233
459667
915832
453247
457621
530191
881829
848400
197418
560227
617054
229982
531883
411248
163710
491051
964345
786089
609689
681526
212411
951940
156799
617893
640047
397036
951037
864856
823907
792588
809747
972872
330036
452782
451212
479040
987755
987744
593954
201301
274882
981997
963587
875877
123994
661501
584881
652095
984452
446894
624517
451733
398878
626506
166825
117045
122080
424892
718776
130476
548137
312669
839079
775374
801224
906293
378629
351516
532690
730626
466024
452832
328063
355865
888643
648198
936551
824361
182877
894316
335220
171053
827978
256117
892970
671740
227271
502032
406356
494793
628523
322555
434112
190163
553367
535727
731538
549563
964227
429303
132065
787700
322352
916570
825148
470351
959334
369480
724129
283965
254439
360285
883048
791301
591895
726031
597034
833772
859525
555516
696911
148050
119237
751267
372147
420618
737178
332380
840419
862386
829232
248884
720963
916135
646345
297041
861848
590687
934957
830264
833398
329628
625651
233488
457753
396893
852516
666740
414203
835643
766106
355486
137246
399214
442999
190269
786898
569170
303654
156255
595295
319415
961143
903703
530910
413763
752224
538403
707468
762769
718263
320298
261408
813275
938565
536896
963612
112320
225100
808608
260738
838591
797070
131695
342587
716145
213685
452478
785097
378474
634648
250498
132921
359799
805981
648055
860692
636836
839997
913331
157822
712001
990631
265545
441752
822992
614797
852167
624178
508628
859098
571468
860227
936211
280734
333732
709739
705307
438537
658672
527498
541170
486512
264460
116551
321393
375119
130391
135019
463944
273393
505192
927017
520251
640820
586108
742287
398012
647004
538167
405580
734717
404895
891711
672383
190162
321100
417425
652825
221553
363227
415287
330322
399248
397103
383880
475309
319063
192184
927678
997365
540102
419652
373017
164652
685113
846482
100329
434193
217401
640350
526366
614525
118392
333833
593808
302047
447895
564864
806033
645556
106018
940456
601466
668229
842198
147227
786625
219133
130279
445783
119078
960222
842341
152775
386686
223673
755508
309663
248991
110416
696150
379487
526863
124958
220043
126522
742918
212123
888592
851488
724672
107571
277368
315878
206212
681302
274090
245013
120517
496443
149299
987662
482167
501057
173438
623700
873712
851931
545959
479976
722104
196662
617822
106197
530065
625210
449272
634157
219842
925001
327272
242599
182298
972938
490308
324165
773278
570110
464611
259369
741608
683378
100941
816039
235613
668022
617092
287624
230664
595124
275581
196528
706053
574605
999870
506576
297520
382613
829996
735324
790737
442950
908796
356962
771707
488310
798973
127590
397229
383071
984160
902602
701434
240741
872022
256055
454888
899574
489621
572027
794619
546867
108188
742999
787452
555419
901127
819662
989999
829788
198546
708062
247650
822895
403988
815333
808878
180371
454081
712029
784023
806124
918968
640690
363097
873839
169581
190985
108147
782125
145460
508726
810159
891033
522326
497124
315607
292886
316319
115509
289390
619977
631055
363544
624831
271706
824316
892385
573964
446255
237149
727813
615056
476320
355052
187727
770624
152097
544090
184310
317920
247128
535223
990786
771107
511996
906806
884905
358300
916949
737152
624192
883316
918081
872551
416517
829582
122713
968178
250799
684998
334195
987662
866059
445051
205042
916804
523201
405898
448356
158359
836602
590397
471798
769478
852446
400975
785983
455257
270325
536222
693247
296545
248482
699215
658902
924164
905910
385355
605285
440931
828274
833985
145533
667978
137855
559690
208801
659708
939537
294345
972451
882059
304688
257312
927205
492068
336395
352215
889616
301450
584620
151824
897756
718054
667486
501441
316602
552815
999697
616972
341417
135504
810156
124720
682685
733428
162697
799137
953547
502318
962959
345545
869079
590931
138868
432145
840158
819406
910268
626029
470816
679156
818529
741530
413411
580955
404043
955558
633989
850454
225085
450368
718870
948591
796857
625706
395388
226934
571526
817359
213268
831848
464407
179930
822974
936855
220857
504849
784034
515683
596662
910198
200693
825141
275024
802644
897739
897688
364914
761065
360076
359701
129544
611873
791222
837543
936214
707100
958987
699195
115417
961638
195640
703330
715260
780638
663988
573289
287163
450997
688515
517272
623286
312000
970437
734455
533425
109933
418661
525110
712503
883417
806902
669565
755504
575103
505088
778621
225346
737887
960837
309264
449345
755300
116617
760489
654044
927625
551384
383423
389228
440975
589975
791243
734315
713910
352380
115189
388206
817607
116112
757803
321901
517339
221909
620426
348110
225747
884112
180195
277880
447435
169560
549605
534628
357936
206916
337252
765287
829723
842759
778035
139199
744439
775361
897767
233331
106199
808216
185618
735094
481161
977336
865008
402749
694530
706720
765366
115456
761857
545681
404744
234343
462471
200675
518370
799127
226017
288205
740622
736524
272159
310125
782542
510515
608466
166888
901882
778489
576072
184612
548709
162899
411015
920096
542390
803285
762472
520761
468774
969904
476145
510436
310582
275808
212910
650733
262987
945264
668954
433743
586995
513337
243576
849464
473490
130627
272145
292302
380441
155252
125501
110925
442990
635441
602791
838358
202015
336391
526240
162220
509763
629280
125585
555608
631304
610823
961719
795280
945509
967616
505506
208031
160333
872657
271357
798471
897389
602483
622893
392038
106004
811000
273844
410211
382326
565573
897687
554787
174827
911711
362051
649745
557774
295119
129519
264998
892966
747296
370502
578887
884887
134198
812240
450999
897269
146042
113325
447678
171618
574077
200056
797533
279892
833771
371799
805032
533734
465460
408861
809740
157470
329382
724403
719843
814600
659489
883510
129248
476548
140813
391080
362752
364551
318857
984106
627611
721366
260171
488820
732375
571410
247440
782618
272219
749607
567498
108614
495753
522754
296666
854863
414686
787188
144102
894494
820747
423258
329928
577125
988786
169293
452409
496807
242605
404538
437789
169278
400610
892230
848417
609730
338383
415498
821713
304745
389205
914684
936258
346528
970713
356403
396703
857348
948425
945771
257527
866051
185057
172552
195911
446204
334772
337315
403899
202951
509826
530946
713684
974710
902237
571328
683768
985222
844630
205438
216928
883864
224400
748878
366683
526513
170162
942062
124887
806904
588279
107279
383622
364258
211683
183113
588275
541263
618573
385589
617124
362561
337259
781236
861786
854948
330538
399866
490072
415915
225363
453369
935275
637285
452895
558155
416135
585283
880303
855617
743213
203624
981111
784800
197649
730789
163615
632024
155934
513171
805068
385752
889898
985328
804487
839079
175843
794638
484856
253414
811931
907386
963055
709284
268881
513792
545056
448124
900200
466259
634814
301951
186202
524706
565810
604601
237457
531936
382035
949297
451216
909834
656688
500812
383055
309566
623966
923474
165016
963459
383420
757086
465294
616497
911943
834684
502166
641879
859439
269951
264940
156255
774827
150875
426500
290222
896107
146875
623311
391041
884812
500038
497321
598968
843642
737841
231462
246402
794930
221192
540423
398984
177052
807527
186566
694739
344057
814328
558714
808068
185567
605726
462449
312175
821712
454649
728599
172107
885624
775884
516414
958200
806225
670848
162103
764288
836034
645639
888812
319885
702099
143254
182111
348783
482024
775345
551528
825627
228375
801538
572057
878563
956613
418912
283907
883140
440956
916345
949123
892177
995129
170696
540861
696740
724066
594331
438819
461573
462293
487781
447113
940877
295685
465187
396074
952518
540129
934497
304835
509132
555912
996316
823684
458498
570124
240937
425876
433923
166751
877321
401570
941706
941198
936202
203917
829227
601980
590024
455541
654115
903710
115164
370759
947179
807362
240658
571046
979496
811124
993703
220915
504963
760997
308148
940354
719826
549503
143328
632768
101263
941494
326281
304314
337180
490328
222107
839063
915492
602149
913292
969088
813227
600489
820752
102390
552973
428382
789027
459976
292089
491586
283353
350895
390279
812511
542540
230864
697882
587929
898521
809252
916905
563672
693747
256841
496532
185418
687830
869321
596709
779379
615311
435031
953039
987874
810990
811078
190754
235370
661839
127082
519402
621221
998066
241409
158027
451896
991146
360245
331528
391064
584576
504833
731448
737008
932236
671486
730625
724409
251851
488170
790642
763514
210940
666507
916713
390412
272130
106252
873489
146891
545785
438501
443086
421552
925611
856946
265594
695432
599157
749076
541018
332617
151604
921384
528587
422390
715568
313717
495095
797033
815128
891900
902652
147137
586976
256919
145647
509988
780250
366305
465477
688455
245327
347984
668108
636170
729196
237454
216647
353638
352671
761217
705314
920865
335488
222045
817042
372728
514196
361804
980283
480035
887483
764594
329074
420071
849774
533223
950167
520339
276790
557341
776842
851538
750246
744402
113888
652124
226204
704947
502003
487998
944591
642574
223635
335604
236838
713369
751281
594755
596914
722904
288835
638623
423101
564766
528107
138576
315348
465859
422772
507255
514382
223186
733665
104966
508831
659236
352584
938867
454583
724826
203741
547844
219315
240436
919710
374995
546788
242306
626381
684936
172711
633250
506817
488387
692528
846754
137554
110787
312121
100944
947635
612595
319367
543529
880929
806769
209081
438402
164301
524557
788430
228382
284790
983787
197418
341870
903010
863486
963599
603781
133255
165336
347113
574475
190102
639122
216062
936624
749094
292761
833270
781497
264349
476971
270837
352341
931626
676975
469210
242923
295248
581857
428593
487420
405522
482247
158130
877996
327867
836607
251500
276434
809262
232251
152008
843778
446706
554696
319566
970256
382298
544273
760833
123703
189099
299790
675072
360822
109552
502721
188734
181223
476564
256643
326987
946436
854252
817411
136579
987827
803165
966847
891854
967814
501467
119332
702300
195585
868894
763599
505661
334428
974029
602295
281262
779826
683099
823779
267898
660734
809597
157094
252367
477335
463688
843318
718814
847413
256511
238079
672480
842990
517040
271241
782364
483852
416368
600752
746263
281752
947774
141030
274865
553928
901498
454251
172562
453010
600155
790667
693575
387880
214776
350822
598900
795198
970528
836398
663406
498331
239138
953637
995992
260286
319156
613276
152637
792505
283599
740073
122979
340384
617463
939099
991988
583711
802469
912438
383016
779787
327412
197724
573350
579522
277248
186114
363205
602759
583208
526556
763256
385107
563348
984761
826490
364308
965916
247032
537296
916431
555822
544458
700247
174656
508047
175772
769414
863991
429328
982839
538909
217570
911917
982180
341636
329984
133219
370458
667971
486975
487501
259499
527148
575165
294849
808981
976253
658044
317648
367020
654010
846642
535577
445517
787028
577982
845379
244619
943860
837978
112264
894019
891707
192045
202042
572236
422938
605243
317949
521470
607032
291703
206993
227230
349488
277723
724401
499302
620935
560749
120137
607104
581755
316379
264706
259340
554158
103759
747560
801985
370973
578094
871731
213248
669673
841422
502386
914303
953673
468079
559853
308916
427715
139032
333372
162895
165022
871038
698825
406735
785776
650588
799839
908304
855735
639963
567815
848854
743368
580928
511129
251306
701875
238167
696178
622361
691383
297590
201579
335209
139280
264865
645090
506859
665368
238890
621902
512161
394361
965437
323300
436737
821618
385151
463078
183082
100872
210854
180640
746725
635534
746803
839866
665826
463080
595257
426957
697603
612897
573488
122968
992635
814359
867297
348825
595675
317477
464174
635053
718092
780807
480909
176864
899299
383612
391562
413227
113993
938668
277726
930572
600127
920192
424136
113822
891696
318062
247412
543112
129834
370894
107130
906492
115549
415433
776721
760875
730250
231026
246956
845507
235705
616396
488197
705009
107981
553062
877427
524154
612845
564329
784293
964882
811442
918588
264998
778985
641167
194488
432526
742932
981133
515765
544260
680668
411715
430741
309093
679785
626665
412122
392052
737602
929015
758368
147452
674244
216713
539357
320244
356054
264779
244836
550284
810987
466215
793481
581695
833956
726012
579185
867814
133090
963851
717251
689783
134659
167176
851611
945000
546835
474866
848155
865240
309662
607286
607953
981928
302524
420968
873552
788402
125931
182412
676874
866847
222101
423978
263861
521408
882407
414669
102877
574095
543900
915347
222979
661366
189079
695446
920241
251119
672960
338644
192321
303073
162545
204439
848920
958448
819779
560892
933705
517397
156468
230954
459267
333892
381960
546767
848991
255873
264114
502044
943475
589930
772666
576363
750845
626893
478531
600842
247696
482528
433060
207081
212761
630506
149904
126635
474296
384230
499461
114674
530803
202866
492635
526581
335594
170346
319537
380135
907938
138695
246188
520857
725183
733298
651343
496837
780419
324764
634740
977514
777494
675327
711554
982085
899812
825619
486087
659962
916170
962011
744908
129834
160900
683927
211483
359031
244374
594882
735247
200600
196625
268889
369478
547561
963549
436168
986016
307263
963118
388786
613366
399107
915572
468090
938754
378593
344056
538579
938789
426170
674401
240997
760410
951774
550287
967191
591764
480514
975758
724868
252793
678794
811009
923947
381235
950201
562675
224697
176254
155222
341999
273995
946464
993256
385810
315800
749856
797200
221801
665236
763755
605684
604358
680688
974893
815410
207738
975552
642225
305971
173735
595306
306837
780552
259731
149515
509561
504701
655649
490216
820808
202517
197800
968681
181380
358274
744816
886719
609339
269520
338925
785257
908551
854958
926381
953346
305471
538892
914667
534014
917679
451119
976153
134968
603658
761493
889218
700119
395913
498406
580562
515124
695123
247759
800287
877639
614279
185939
279494
771441
557083
409343
376634
919648
562107
894914
292157
366556
244161
674527
214184
604623
971936
788365
708465
682938
168081
206785
175972
615102
590398
650202
186423
352017
216999
313370
124952
165371
443850
736647
390524
644922
722275
626906
712423
401448
567245
442866
187627
511892
162799
312624
995367
310743
371520
452343
663728
235050
896663
640255
726867
855095
996655
247846
916322
891409
943599
902917
116651
122454
463924
435114
307520
615415
745068
456181
660461
807907
241120
260384
993295
951084
703100
642322
686619
201361
600236
577851
259461
320912
613719
807839
917690
557483
658402
198054
458638
555936
166797
708244
359004
640683
988007
892098
880348
979070
888819
658537
632735
765958
820860
617352
468191
665353
858460
937336
667715
406414
604262
734493
818639
802482
963713
874029
162029
590549
777321
735832
905960
268846
209573
188542
370900
915013
774188
809958
715126
416236
238519
529325
575933
736747
634344
878634
875318
185999
345877
804212
294824
456843
312546
397507
449310
192903
934341
113557
347212
416942
465723
200256
515162
294794
931525
697194
528396
378625
307610
267305
385905
610919
663719
525764
360780
320935
955384
820700
770436
808719
100274
450983
293770
958873
356215
795921
744296
295496
895259
990479
531712
197128
546623
484123
118558
844506
822360
245185
210828
670389
673441
143016
345850
618412
692104
426903
162408
776751
357067
348606
322080
549503
998083
408200
314574
176912
628646
778672
531544
911470
739542
623341
828108
722614
775386
799653
253625
115600
365107
127343
901196
122640
929358
750678
208713
500860
729875
360036
566072
113275
650629
482107
364771
305510
897046
405320
129218
498540
179382
236472
103805
657093
792617
721778
166132
898677
589310
827932
762486
835614
397060
925393
984031
810883
137301
979362
936302
194522
447869
225953
734696
356535
877474
317367
739596
628070
789907
757846
640506
588774
557893
606422
403628
936181
548671
762125
335331
196426
714930
959605
663025
472470
303360
936912
376304
114865
400833
472827
139150
293657
992043
163615
119725
214263
811250
711300
762393
231599
212515
591995
499324
303905
506385
137972
901380
378176
310081
266279
620874
550960
574095
889122
615034
932342
725247
762472
353125
997841
726167
438864
854385
607869
575181
592458
636051
652936
536940
680764
651949
554721
218635
423431
718352
278290
766144
942461
461125
800036
976845
368453
187040
992390
971819
346833
213579
834474
692691
583748
562541
149793
120587
212426
311165
778743
745448
534867
268804
705484
696033
647543
201867
637883
255980
275314
816780
415694
562105
276038
162537
718153
352329
901252
985593
171154
448942
296966
682069
463255
976339
859910
463582
226215
539205
236211
955874
552719
553970
771218
420356
901847
218405
189103
937541
418129
255140
430359
212756
626663
247336
951582
511719
117264
965334
905775
163898
749152
303914
784704
497154
150842
734211
767175
682423
145982
614647
523445
737969
524742
590713
787583
674822
183548
986885
116696
704153
322091
962598
665291
661404
676306
286061
233976
693867
941589
343312
351288
111061
612680
816424
812524
974201
435969
527932
274373
626556
307098
885667
632035
446845
638186
346141
555673
585036
217005
308059
439836
153276
132628
118274
814749
589471
494576
349619
482902
906153
605204
305759
912047
563501
773196
745490
956183
739535
227437
619218
391727
276038
313682
617761
815570
890758
111546
119434
217315
830722
405210
737093
708956
218546
200191
846683
571488
422535
733845
311464
365207
328072
568971
809821
155969
961765
795373
295054
194060
617815
402693
361001
227466
801610
284908
885899
398446
459815
770851
554835
264515
277821
255772
805239
529076
987284
103863
644967
611572
648008
854325
692145
638835
302594
493671
239167
221433
370937
232939
164492
793509
829997
988351
109676
515465
483646
334338
432031
657081
808583
536849
911325
696430
404097
283342
257369
991777
366575
602644
575055
949994
673123
904017
529849
377949
531985
261718
438002
223222
275433
277210
372402
697428
799581
374029
582461
932996
885004
873962
812857
150805
514344
260749
865091
458166
876446
492359
788311
194396
735169
642911
631559
726620
676707
686763
813288
416119
705975
649975
608701
337724
821239
855769
614102
649415
866471
733172
902326
533406
544354
545366
419050
423419
380279
561369
329563
741041
731953
600608
444717
315004
437203
295394
144505
719497
244098
206376
592161
838313
813047
700343
887890
797797
868193
998995
296993
468348
268299
770535
473590
235751
709290
738845
898554
483984
506969
494130
972897
761752
622167
687519
545779
834062
446792
362382
262402
759308
901321
602878
574961
646690
822593
792429
121511
751236
487845
732357
638341
478270
350860
119411
302260
790247
150619
288515
517749
416368
410604
764150
117286
924312
979323
951235
424073
285055
751971
263852
559778
627132
883883
219087
368367
639168
250512
458533
756762
208946
114050
167402
160394
222769
163772
354998
303301
762198
612064
984450
321409
413112
890828
512189
765101
241895
362379
493517
656773
954518
102810
617317
692218
754998
936109
855608
957814
959863
869969
601798
623949
883963
333870
765629
474014
570615
916346
764736
534868
553224
252234
562719
496461
822179
375091
397223
996367
968407
804723
710820
682770
927760
232829
397306
816379
957430
694352
770739
966767
418476
473267
693620
584823
954031
140131
648082
896193
872262
695865
669141
494276
668917
544359
702784
748196
708056
177015
927718
393699
930854
517087
686715
310559
742460
890558
143926
290188
313735
821590
894306
793068
912007
442173
508083
205305
173044
272892
633607
484115
114563
356680
252477
868613
894785
176887
493440
911048
273151
885375
111496
324351
476025
579605
631123
618835
101837
413461
560636
842624
443630
214847
885781
469547
413740
982149
356041
984445
724316
439278
876550
908282
511503
832454
926856
783786
169055
949179
128427
687205
649653
161572
899496
766043
349393
841578
947699
539881
183049
916339
959874
324718
613903
793396
135621
326384
299739
858716
781568
908111
280227
916163
356711
369300
320978
157382
961547
656835
181907
473137
480927
264282
538445
419504
327743
495775
859522
643816
360446
500351
942864
122554
293568
642370
955639
928465
677442
565782
955522
361667
998520
994217
941177
325776
794071
254684
600452
475495
339540
402704
885543
823862
553093
696493
323511
650132
817419
470852
505127
565798
532605
601483
155360
364026
880808
695563
184448
236161
661253
200117
264825
219576
135109
150962
400866
493354
869531
646535
366538
421357
483035
560724
294117
296085
673660
689731
324866
577101
396573
304607
741325
626936
851018
494269
348896
448662
863425
195542
577414
879391
774101
692480
244332
659301
209162
334641
737776
551012
351336
456599
248232
301349
330582
192286
332652
971297
357915
277047
143885
818063
304652
342025
746605
354694
505546
715744
721005
583362
974696
155076
557385
280082
171007
805566
961097
237960
205780
488457
612064
680620
179764
615404
159243
570151
102748
426260
924213
324100
294116
858956
373656
624843
132853
558890
222982
149209
631135
347483
897429
258514
822851
378959
118342
877243
509837
824803
450225
456485
836947
929272
679752
498969
320131
285629
520150
472389
965146
755308
337818
121592
772594
951782
595698
410636
727517
668326
519741
459872
441344
811535
230959
781562
649284
861475
670724
520927
395136
877228
588924
304023
934227
389028
740584
571164
926698
964922
909196
956557
681626
184494
733797
633594
263148
979068
490035
566738
592561
325723
669824
178558
826878
913813
606178
652950
782510
694099
450887
318434
424666
440977
582181
465630
394123
648895
887423
443282
535390
902915
677851
569351
186480
889804
884344
787552
808615
685237
288785
886030
778254
962863
773122
938766
587212
202373
878089
305107
352024
839456
335098
311804
376495
806893
660360
266950
297572
313044
767467
525327
764751
852026
466603
677459
706038
231339
653086
370057
728327
105318
918067
514525
288261
696872
478686
380120
893691
629390
927961
352206
880460
963043
284893
609880
800458
404835
239286
689335
581312
888243
935262
158446
379700
894528
128850
623920
272864
209602
683634
103752
536959
988793
675292
790879
629139
473747
279322
296115
372060
258044
498306
653163
280190
429378
220366
621904
204873
729851
889089
958150
606619
602571
891044
418160
640295
490872
185160
915518
296328
544212
670489
639627
112525
566987
157748
726432
952347
328616
309012
968173
300522
378251
283627
969053
292117
628438
599895
275875
654190
677332
392467
847378
214237
570767
731706
427557
469981
614381
349685
617643
698833
867162
772207
977929
629833
885105
427364
592359
344263
421121
614370
377501
946293
919800
974306
805385
189677
192459
842657
291468
437419
979849
254983
139944
740060
794788
793090
823295
999219
119429
957139
610047
465669
921100
328585
603788
894285
483340
912233
836338
630340
360334
338073
894752
949395
485572
777730
519837
714079
500514
376354
214815
548178
622021
165852
657205
415967
410930
517178
885323
950306
505003
436734
679260
449352
326235
163371
491392
550237
729295
352129
632776
300946
616366
453375
643136
447654
959893
826805
334499
167841
769088
573365
301696
579836
941549
235947
642447
477141
234948
200636
323859
903579
933099
428627
267566
293573
536493
440513
668706
138757
120011
311379
218876
457625
445095
176456
883767
312166
104989
705477
570300
797506
296271
667121
858632
329484
651575
762276
603740
801424
396205
846341
114018
198624
493957
839612
911566
987032
394891
909979
354993
201429
129172
265367
865200
536779
675414
667069
786673
992844
501597
421042
767385
905350
633970
400783
394908
891890
924946
962479
248584
706261
490888
962575
945181
857815
915875
973867
904221
898326
338080
117861
744241
835498
883095
111642
154672
130996
725768
623995
923194
238913
830881
689929
928108
640678
323816
556194
451134
847683
810469
116873
185572
975802
569849
987267
209210
444724
737242
984941
192961
468539
766685
504628
935936
261226
711407
980029
640084
337324
616663
135759
570113
365688
617943
169414
427292
898045
381570
886270
730021
404813
863252
764214
295023
617372
144121
408653
785539
939794
821743
392853
565483
214250
486608
183235
720475
553881
171118
339550
633464
929644
899130
669311
927592
469733
452933
389682
473692
480190
160597
175487
715454
242494
235969
523005
420618
254929
126348
227048
601510
664494
115997
301700
189529
155384
568477
190254
582867
903976
726159
433249
867632
168649
931542
367477
317286
665474
705444
176835
496823
582144
281492
696596
982640
703787
919760
811874
201451
667867
830589
798711
637213
948190
885823
548372
300029
198949
310919
973047
326908
193733
411846
494948
235985
462633
273966
671610
232095
391574
738949
895234
484576
625579
515918
377266
722680
869053
434685
300075
733077
339293
828860
970325
504202
803886
375582
749587
377568
365134
602777
731250
526787
299563
646747
472269
788124
892349
107230
485196
870944
587905
728404
598754
188447
679915
103803
115110
258310
577620
745635
605430
912595
516778
835608
526593
357677
652259
795189
577313
687205
415392
377691
506979
274894
652185
891834
325765
513954
201124
729323
872127
125856
176924
417020
308269
776552
617819
911995
963517
714217
921900
166321
501213
658034
300607
105126
350281
649599
965161
493636
305713
687924
698572
410272
974225
313334
288156
415976
580513
920690
249532
698945
359663
516975
632829
917248
640009
676480
183684
242005
555140
280057
699841
918596
979513
101478
883138
445176
392864
415919
115664
307058
869317
714451
100174
520689
868719
287717
607821
518235
443534
481921
880149
718188
327149
443880
977115
389184
663300
897463
616686
490567
456861
939354
990889
251539
821297
335051
489882
282823
984977
372528
407998
754691
585559
911866
524476
833536
900725
870287
503496
539806
696492
821819
906218
101915
677379
214880
379801
203643
435393
212219
197604
962734
620850
772743
490785
876164
374581
259324
385192
204303
884475
920814
514174
247116
758117
543936
460412
262843
739074
863854
176098
675404
149559
657386
252086
833613
579195
277563
222162
239905
831539
547972
525608
190086
778350
145024
865255
277281
333057
822129
797039
863944
181515
344120
731793
710174
926363
575386
692120
732776
984594
785905
638833
996522
730889
786920
291153
210393
307065
970073
760778
198739
618071
896968
796962
982198
140944
262347
715805
785429
429735
806567
149309
167717
420989
328335
455720
920417
893412
617925
395300
308509
101523
270469
881650
614835
467395
470375
428973
768589
258412
298771
808068
539874
861775
945316
965622
545239
189968
341088
534569
296327
352266
890051
248196
103319
122487
217073
616011
267571
217775
577090
234928
338102
994172
935485
271822
964599
841401
911448
458704
472006
607684
983976
408917
189786
105359
234428
673898
232979
563233
904227
904197
798988
538622
667966
687310
669522
829412
436519
572569
668546
300416
909769
911477
435855
680717
350184
505223
518981
520129
200862
935442
699450
865754
635709
463750
802213
894340
907542
461438
296922
500423
818866
661547
866713
274110
491955
105069
196330
681777
605458
344485
499631
331250
640957
124835
811533
811902
862304
967634
859606
876157
711256
453441
595403
923926
449575
147952
878701
755638
361778
278663
143082
290918
527971
799475
303571
395037
277873
333259
257769
387696
530177
396295
363694
132879
773093
543794
294098
151140
504347
151034
336756
740232
113877
551892
199310
293322
206948
588017
305585
505739
847148
441596
282767
145476
509706
896116
925099
884858
842759
642722
425222
140334
221438
335028
211355
201850
546705
795222
192883
223612
249280
964714
347354
320994
848626
502477
679445
487686
196122
445984
241357
732398
414810
991214
737768
998819
429335
896878
120496
397742
434210
543896
553310
721308
848488
895845
684466
808311
324514
619313
460346
353533
537769
749406
721145
275204
331099
289330
975993
546966
117987
502789
421179
533993
984182
509572
589594
211337
964081
972156
300342
636421
817375
878245
598782
157069
230458
223011
342015
874592
113386
209765
710380
703693
125542
481389
490090
248688
893347
364378
737139
517241
218129
909691
926314
900323
690783
155638
814657
754588
916412
251355
309450
120302
269932
380752
455878
991544
789529
610397
400311
464515
718465
247903
831094
722166
783251
656035
439900
340149
638828
845956
723550
789969
191838
129654
447243
732428
416559
407991
705602
908511
790749
230801
906945
256120
190414
485704
499720
369228
164421
420204
860546
127768
264973
310697
529006
925830
189055
943736
742364
550577
641141
402662
248674
387070
739683
435600
746564
367574
333531
454007
787172
428653
719350
574820
611133
185527
321844
689487
986651
604802
383807
657475
787670
718320
817181
766787
187611
160441
940206
912998
451248
859185
112734
730700
309476
241884
258106
432560
493131
244897
329271
513819
778836
629355
365580
778406
461878
834494
519472
199203
712471
784273
334457
356406
337863
862634
360971
564647
133612
358493
471987
789737
781597
646836
476496
752996
253478
282345
937370
392727
260408
131051
867137
133752
496522
923670
768559
521647
587397
347503
792097
844754
196977
926424
996010
957518
542719
724311
577805
337655
837155
635234
324043
608079
218388
768055
107803
890273
169526
680420
342181
835759
611430
517914
100006
154315
837786
322921
354692
738559
920704
580310
447135
646328
877734
429047
729701
299880
104337
998218
265303
205428
973186
117717
752708
152088
354873
257089
666306
307736
810121
357381
540708
239077
274124
212873
922309
453388
584939
969965
953859
317559
981989
811615
212390
611333
332622
315188
457548
884920
798243
651644
742613
852594
700962
637321
100493
807289
187229
193356
992970
708581
132100
197820
103225
233314
696456
114170
723765
943828
406037
303636
657724
712856
204876
837421
517061
284649
365056
903851
915028
339876
441259
408103
682459
657931
750563
654086
996886
610780
529339
264098
525862
330064
605509
266301
169726
477190
326787
459990
402233
225767
954257
625936
999931
140735
247964
270883
650855
879285
978402
455776
105279
399584
557244
645867
122224
203612
370982
839774
780929
635762
591726
741354
202405
747196
278579
534228
240572
322892
450362
367934
384004
714754
549786
257779
950607
795704
461228
975622
902059
919935
354591
657722
641164
717652
463885
269197
341829
833781
252517
372174
416534
495995
477303
559530
757827
968079
298879
673540
750652
444250
958015
120837
540348
932017
187756
566031
787393
702987
814403
115457
506475
167511
378752
436390
162737
670386
398994
560416
161546
298194
577656
127616
302082
993700
352166
680926
135280
148856
356872
171025
975614
993545
643259
906709
464440
305447
244550
180821
371542
403007
668614
705149
675092
954678
732224
145182
678388
841010
299960
357084
743811
670793
842970
221174
628449
489045
212154
688149
954422
679334
920144
441983
376541
421248
251880
864185
385914
428373
548690
531547
544403
199859
177453
361511
938752
411205
379986
484213
316454
476987
659025
404957
723609
540165
558327
710145
458521
315405
412517
449809
666784
467274
997806
346905
244692
181433
843358
380107
564518
902320
726613
210227
666659
728727
807492
935143
906397
273484
783872
830936
698015
146888
830180
595651
423706
934689
253042
423313
520331
124602
390724
917642
437077
190607
323169
561090
147740
313993
364188
256877
400281
529422
646295
755998
151102
240943
829922
711023
416078
525440
849667
394224
585573
681220
344830
165739
175464
613384
889648
345117
141780
215101
632631
899243
838139
939711
807358
446954
465800
603434
341631
621126
285382
815222
501457
407822
643321
330396
499033
628038
626203
875815
126591
883119
863201
697246
585768
224995
169639
186564
508278
178053
444235
276205
661921
269021
747083
736041
506723
871739
629282
497402
135581
686294
611355
215311
530769
399790
389198
166432
301026
469084
660157
715490
270197
709850
332753
960244
131554
925318
742705
445510
952146
813336
975867
438197
544989
772463
993923
258096
630701
377340
634804
947976
284150
989217
900577
285556
723983
707277
238998
194889
199519
918436
835720
933187
746891
807158
590320
140114
322153
235890
937829
761440
872431
988764
375831
224890
731877
757542
447521
969630
480716
459529
302047
327926
402830
492740
142700
139572
986468
339443
565844
715829
417744
855419
463154
586395
163393
397460
132293
719010
782730
867741
115686
752805
765336
787976
495545
970605
477518
297846
746340
339040
303171
675304
137787
663717
572174
842688
216215
265382
634286
454303
565849
359094
186972
287973
138541
966277
375864
394914
516857
434055
970295
298602
704767
971946
968377
788594
173146
515320
658495
328031
452441
140572
706176
631891
690478
951611
868672
519653
280934
657605
322564
861011
701223
407651
961910
213259
949741
229419
690288
578867
639657
523273
945489
645554
828213
145732
464747
220229
186682
937157
224431
198717
407599
389746
778627
142040
101082
183655
241284
784974
298133
360907
888704
723437
121339
398549
471846
495726
861286
106298
997764
303997
559751
579726
959371
433987
113552
916219
179846
101509
160685
958972
268792
702496
917590
248168
340067
481942
968098
842418
625939
635447
615545
717591
321999
906040
427289
611483
537627
497066
309792
137322
947103
960221
283001
823178
583824
816348
478529
978784
343242
728097
157615
973191
392580
789788
707138
289093
751780
752303
887207
374113
656375
749075
190248
765153
494069
622696
380619
814898
214881
665553
827469
846140
233172
827327
504450
912366
226930
727854
571843
230945
719360
459304
182101
714552
293344
200265
820196
934753
937477
931977
334962
282339
224621
544798
529312
687830
704401
650350
800057
919693
612203
297762
292123
798802
369548
741496
157726
358936
819502
484905
463749
483302
650215
234740
395040
662007
590922
597027
776389
107530
784973
835401
223670
181014
914558
140703
578743
709851
126299
908919
260409
381194
643840
144572
691557
798251
443579
951130
791294
602996
175343
898094
889755
806698
587594
185824
529151
527594
731419
244834
261391
910486
670090
835288
770886
249059
617315
234749
145258
754709
939932
691732
964525
379851
540076
311450
121114
248424
232827
136136
202881
107876
106389
404291
944338
630095
310998
826942
355539
996136
589561
425404
991663
418523
139541
995519
192743
953374
523125
248492
278792
827185
259412
166053
778525
564011
290062
149579
732876
190928
633110
603703
884391
674420
682491
441384
691513
668287
224341
113305
736875
783180
602816
450666
531527
930647
150688
972591
187830
646016
689365
922695
799676
429663
605634
997949
198899
249288
530385
176778
775936
421923
274705
906660
513274
273882
645100
478379
176751
487899
123092
220325
191922
757531
805599
925686
383069
851278
889423
238495
405555
451102
925371
870618
193880
249523
567745
556375
569967
160725
558104
662819
811243
257108
795341
355636
910112
374990
994783
612260
933387
185274
424316
744331
696579
236607
500724
786668
412588
828727
825403
643562
458597
363109
666706
554294
951882
411300
726457
100866
345128
255607
865472
453655
880835
874869
483030
410021
369216
361940
855260
943512
880019
135334
286813
614867
995743
859502
358375
601818
905124
250096
694540
435219
996029
471328
235411
444928
846089
647277
630952
611520
455227
964122
211280
926513
146718
440856
436206
385991
414759
751852
227633
744846
244570
826351
597584
801699
938852
299226
583832
523524
901245
122000
725699
897962
803192
587111
181955
306552
215807
887978
612359
289381
247080
370478
138142
419421
202852
333140
211453
603859
130627
873252
349005
200190
338116
913562
335809
570082
995117
229987
170092
505136
301995
633304
490806
251491
572533
564464
217791
460929
666953
410186
555124
807613
655599
850180
110657
253489
719263
787965
187802
949184
439761
427512
642056
285726
773479
275590
447209
565272
783424
559921
831336
186980
217267
981929
334272
384390
958363
859076
836259
439710
698756
828066
322901
285004
523173
960951
138117
747397
560611
132770
209012
473830
937542
832710
632334
290408
582479
435141
275574
878559
782267
281313
324294
462796
625207
999574
919004
970131
784163
983130
872330
319580
692703
843367
518220
739587
281571
833856
186472
434073
554053
159440
652464
895291
275453
396479
903000
820340
644272
732197
502316
892845
697510
939181
965825
858058
209590
853673
493263
184426
792133
819776
419607
404293
230014
886671
105801
592179
695450
813314
393056
630751
306529
638422
808780
991992
100939
621946
394517
570636
285531
845412
838174
507236
877233
274957
990883
408866
611737
850218
152427
407611
699349
339662
248295
794014
148249
604462
783524
205682
377278
226454
837973
155307
196549
610300
638458
853925
286105
449670
554822
161919
311559
735594
874864
361067
282153
887530
237562
721173
530468
365008
639372
636188
151015
543206
498880
370054
552569
495463
322893
796565
399307
986748
903993
315669
927531
277429
528418
797027
100529
108439
999032
843530
222359
990122
550304
556055
774163
126480
993330
295468
445156
723772
855660
567819
877073
590505
979480
179920
310211
509812
247425
891162
289370
981949
204782
467402
460679
654828
851120
580973
254629
839419
288518
929922
123849
139005
922173
849579
204323
859105
276190
375717
451571
308403
871527
694000
207613
287315
651970
890479
541296
326118
449109
402390
877652
879088
900866
606980
716006
337790
733549
122052
945463
936253
241303
361304
948825
911524
302740
175128
263639
697960
678403
539632
615056
430709
751013
571280
192879
353051
115152
751674
521028
408876
940464
375244
668222
527715
680751
144447
319511
825660
395279
228199
113721
856013
862897
109264
528094
535096
993606
574662
264993
535032
878294
126066
238083
588643
471093
735153
567770
116954
663203
311826
243772
873534
590554
919235
350433
771443
156427
115534
877767
979744
412969
675440
426492
671506
980506
720160
842879
236589
979087
285424
743073
712046
579428
957519
965398
380641
223334
959911
420860
409043
445315
359162
530093
887437
431198
936310
305424
982974
321922
141420
874466
690237
836570
388056
176081
803792
239973
148046
719362
541368
417436
569749
345827
488954
969680
498629
599948
915399
847984
853463
767620
824885
880586
123992
956153
761362
654277
644243
599015
264354
617367
378381
293879
885607
452484
124597
636400
986060
184168
832356
503996
780980
319006
190096
518813
374652
703078
418810
437470
779767
759058
565799
598099
880490
797354
718578
229704
512527
879222
638347
690998
895222
715604
104372
691855
760563
722798
767535
629889
804918
299278
554168
307109
753988
122074
900774
922719
397195
425705
486596
330018
934226
870203
830679
350091
441473
533350
144455
991774
887502
285487
745248
164410
142361
922623
475372
886595
111075
494578
632659
577963
936267
368972
133513
417997
390339
847838
672477
918542
108454
409456
187031
601734
380287
403261
469964
104433
374605
547863
355467
901209
939981
464337
511378
715673
900375
238060
614529
605930
344151
922750
152400
566915
900727
950509
468293
871199
739360
881312
132017
388018
435648
217210
429453
931568
143590
471972
452760
231885
374997
241997
664660
120309
471758
724036
842606
492798
305887
570721
793824
397799
715349
509828
226378
842445
799597
760568
577679
223174
547366
187091
199377
350065
407987
837491
328041
673675
454823
680540
135110
107277
450505
501171
278759
159130
355278
867497
241346
800156
397357
457100
459904
334669
156509
637477
520785
223346
594676
622878
999128
337982
873970
795133
540413
451653
965196
566782
395741
909498
544544
750976
527066
341031
629850
148451
785708
257003
288398
352534
426352
649980
573307
817685
854691
969100
556824
577188
441946
738696
173182
482406
738656
548917
483245
258591
226645
940235
327260
116441
689457
907956
456682
511870
655049
639892
500415
454766
563216
738852
904227
488755
715694
658533
780866
861290
392914
806577
694641
295220
227050
251292
250745
207536
446691
149730
317117
127502
798688
419017
544633
380989
751960
467553
702921
682378
898409
663125
308330
220587
974872
114461
437168
374121
776485
574715
133929
487746
582497
280937
140999
215456
632136
253752
731242
569622
524926
249712
299576
248865
852896
786272
709372
549586
274929
182959
358861
673818
138285
849023
661244
523463
638021
497853
628840
665331
282798
858728
111507
471262
326627
492119
841416
271329
381406
984057
475563
211241
541247
855430
643563
536205
542882
518098
975853
303972
558881
273187
214689
773035
565614
110664
265365
582353
424464
884854
580247
122300
901625
275550
884381
336407
155012
569931
686397
191909
516781
541706
231052
474857
717202
682656
918408
853126
519206
437042
315780
925524
820891
613870
966879
414045
504665
304153
898901
878523
488029
249132
678852
904697
839498
313886
330824
687039
574216
988936
122937
493691
219086
134183
418630
985788
631198
291270
899855
303146
212921
990421
725116
989979
817549
854421
850040
342263
440931
731043
500938
182999
976916
338127
797399
131037
548885
677006
709750
108992
279565
715728
396321
351216
384460
780036
840292
582238
358916
587330
187405
700527
604065
929320
774865
328120
670434
477578
830661
830870
160767
645136
468433
679714
686627
230373
285557
918765
934734
707156
434677
562362
939059
303399
387340
757516
850115
966073
516360
790062
994135
644622
432874
989346
709450
406833
887519
481998
586143
691289
371794
928988
460092
237935
320676
562255
310412
466477
123598
251103
986390
275031
398282
454688
740746
629991
392602
460010
419642
985486
497869
607615
988601
485799
910296
256879
459495
157114
549752
916619
945630
573336
551662
711523
404647
537900
438777
279542
366919
886888
140128
685252
627466
819748
947061
547205
794666
514560
409932
760159
667235
845362
486863
898233
966822
305116
321569
543828
473788
862704
157705
879646
295488
160430
134026
320141
155683
563447
977663
682974
530903
522404
632533
836579
178539
182273
268408
198400
730156
209377
760197
539935
350795
449804
676517
724982
154584
381489
942293
748788
722859
856268
623627
782511
119836
831002
261412
909334
862125
538134
450703
226037
754526
179275
499831
923496
950195
355480
615841
483972
182956
789543
958059
688007
276426
918798
586611
712809
305937
308157
296930
590815
342232
696414
233518
465713
675159
366030
855157
783370
941713
556753
530245
675962
784421
985856
929527
313736
227686
399892
867937
495142
871525
839842
547459
425479
921478
949549
381498
283974
132892
279916
909835
821499
886202
204902
534750
119934
656934
871126
659808
887127
370762
450448
913045
219067
427681
309289
273120
870367
456500
701908
502705
473671
232256
403087
646940
398061
251033
703491
174551
881221
874363
183477
654570
820286
367345
725939
297671
500806
604351
991000
991339
281277
423041
474022
840333
791947
461792
118318
772546
384705
393578
442340
534566
910293
337040
807676
314694
629180
996728
149850
279491
214311
974644
205229
774012
166122
433118
907791
358011
281473
376473
311736
686979
476725
822299
236724
314574
957263
408321
730171
881851
607437
336688
591040
806807
949853
270451
180947
994286
207823
185584
216147
759511
838811
322413
433290
390587
431741
418026
271630
848691
677031
556060
716899
859482
389355
800299
341247
744725
979390
308371
570295
514903
862960
135528
581960
225327
779723
199261
870051
283360
216351
710426
693607
105584
957214
404203
201055
499832
499508
199272
153512
139628
540971
303447
635990
502667
413592
220120
514552
126340
825517
768644
781382
201382
730990
495547
322866
830047
423639
402400
815793
947306
225243
218916
379172
517210
801661
919338
318891
928935
284393
276325
506484
842209
971446
528308
733401
920165
235064
393722
520186
724111
622750
242229
582675
166932
930841
664521
760453
843016
309910
100424
756459
151835
959531
348305
656519
356992
601430
630440
586086
288119
269740
790696
425420
910403
490532
278393
986326
202679
497101
402869
390583
158028
721607
204128
849369
703820
716892
123999
724249
703125
955465
475586
899039
315393
323491
963328
740314
621334
366513
182053
493918
110324
179457
445266
436333
501356
897193
466372
921998
268225
782526
806933
439378
815827
336816
811225
684131
760865
177467
901871
539479
709999
488074
326717
874707
811894
405759
744690
975896
329139
447021
179296
866325
572852
255209
135217
230255
970235
296863
947763
141451
113442
814414
903002
467750
255651
458635
530922
792477
354422
174822
419161
301823
925773
350495
570332
722756
600323
701613
478492
472192
702071
252265
773300
812213
711087
629330
913941
229990
459599
410007
615703
475143
120453
810569
612642
406504
853066
358008
221357
568676
961749
713694
447027
165767
683895
592886
789522
419651
448088
915731
114241
746822
855558
849364
818568
617761
576195
713467
471559
581119
574982
482137
772865
182119
298251
425775
543748
105036
121242
486531
886923
221523
810990
438634
749189
139364
581431
447522
423617
834875
834599
862372
230365
916791
588253
921442
137809
814464
303465
402538
746085
744240
543279
203752
190169
292203
178559
702763
545996
637141
973826
191666
544764
507657
395124
471194
552294
122149
636340
899217
236134
996937
412802
743830
291597
301174
283995
901261
275277
423627
881930
521663
112230
304854
736606
663639
610548
398141
699426
986721
769585
622847
162033
783964
672219
277606
549798
678412
343347
439018
906174
571640
899677
846700
921820
972935
526985
884121
840122
201969
465617
119109
683147
815726
252120
822313
256089
674049
231864
899898
421526
877421
390571
145401
621159
758052
106585
720010
146525
547676
562450
946866
614034
645471
178044
988729
760245
974038
327725
982601
583739
207347
205659
479784
193398
870299
595920
519656
275715
914271
460585
653386
577984
113814
341675
310340
275119
253480
355787
701671
355081
468648
160983
579817
485642
676734
893098
394855
939789
244289
635493
831289
735909
720652
556025
205940
409853
743173
945966
386005
713800
406849
373549
281292
333484
196822
341553
698939
988175
269965
932916
528920
478827
214474
450713
323048
114848
282112
219356
222004
285784
631112
161131
770907
186715
711125
974254
321324
596839
608435
872742
941840
826842
625261
207348
655579
141167
542678
977687
369505
296147
721570
223717
709379
913618
887976
287263
834282
791985
218774
877718
845373
199651
400669
223710
276778
964164
847314
138021
523983
728567
928307
798423
158501
264683
191542
566671
136015
856466
672527
517211
223347
464982
242159
874985
602847
302680
187792
231880
570682
383241
407017
115833
227563
672526
566883
571131
880923
398346
266162
332953
393321
993121
574192
410869
137160
196574
170530
192222
338605
825156
660645
733202
904391
908975
615140
981493
111875
622999
119608
999949
792895
869283
659402
894364
387871
835955
973473
164148
931958
382468
572420
118275
350824
407864
695721
926268
569040
548200
204732
354635
767482
897134
438230
198996
481970
496134
519281
339439
240160
836540
435814
414422
358656
644664
925095
340093
765119
423018
147574
697690
556386
140396
828290
164953
287569
642210
848197
445104
763337
965910
684822
919980
873416
748041
844655
347083
713123
836628
894668
209055
160452
501211
464523
655425
219827
839026
482061
317688
756778
649528
595281
406136
418419
315055
701858
737243
555051
282583
261701
693587
394776
561083
160254
471786
645605
116233
605607
393523
589514
206105
612128
261241
237427
695546
349161
666869
128654
500400
845688
882383
206632
903258
950403
981645
269599
628364
991281
732611
326755
546650
148985
989213
505140
256638
566418
890709
462068
328826
277603
970370
828826
668620
864083
825560
458646
910838
482709
924541
959701
332111
650131
839456
440756
130790
325449
202810
836522
321240
901197
167687
432876
462210
865162
182066
917502
697255
836071
201637
740393
436761
976912
576065
607380
724428
509285
852149
223305
218344
369810
946137
497238
567840
782793
118631
388819
962247
162065
477905
180794
738112
696535
489294
973987
708754
525393
103829
563574
249319
621305
791297
879955
465544
892877
368555
737002
623496
405683
510213
666507
486924
877896
334299
362347
657588
272149
195598
286912
734679
677800
617991
164883
900231
733972
328425
390107
225354
432035
436842
277202
903377
846133
316486
639862
229550
573504
979306
406325
869803
390905
130178
699603
481464
228520
438360
145701
376079
226181
939872
306055
161043
768527
663852
533158
961957
731699
872757
810878
288420
918350
540343
527004
873686
325500
937735
373791
169937
150257
235946
754544
443477
726914
144633
665841
564022
550226
832958
537861
836909
765149
893039
243170
193488
877397
162799
589349
286170
876296
764669
569831
577644
526163
172835
670592
153924
616528
895466
128806
371621
737530
894822
274709
189733
791095
922944
965941
191861
537725
196618
157525
924530
548444
419945
754787
370999
140854
528709
286272
509199
719929
321704
405598
127046
891869
148462
168406
716871
936956
737386
467594
309610
979664
271586
242048
178142
626740
420637
833636
142806
288559
438487
826939
160867
533366
151195
659869
979457
420574
542351
696581
169688
504355
264148
753183
987420
271274
686684
770039
726078
365093
836927
885550
582460
525865
594664
759773
658373
989367
955705
425827
673187
419457
307929
947900
255022
421859
980553
760151
926322
335024
939583
439113
110972
904237
660392
794741
681899
130659
420254
148427
365343
736268
740753
962844
525691
442111
120016
570434
865679
765326
194442
537141
139188
959970
303139
362300
214918
461685
513519
433154
619366
375022
844725
289754
920937
888632
370864
125305
639418
104444
620582
305655
454919
735092
123920
213966
952178
352593
759205
868033
238921
817991
233572
849254
541449
113280
639914
888681
107088
141830
808806
484441
411190
775634
456461
567364
163530
812536
397140
104850
353341
927226
457628
541820
395488
641605
683340
473188
869255
865210
217304
550472
744376
206114
347636
218292
106497
817178
589231
839594
361672
897561
911462
505201
672770
360198
275708
828479
625294
796235
667222
778766
831923
682700
735593
949237
373657
376977
217834
596895
919367
766066
321785
245536
969786
752769
768734
236917
454486
464225
350215
908275
469492
461022
709293
975628
531636
848529
567693
312883
853310
259499
553998
122276
802172
556332
453067
239309
971985
152684
397275
507552
866373
719405
973826
584448
141746
175209
585480
368499
725171
560295
221557
808500
110601
153969
554138
980949
177421
706367
810989
419120
463117
636753
632423
225387
787522
952873
483024
788158
410558
277626
799817
222451
123215
708029
316736
618917
201794
502604
112786
827285
665352
498915
462095
661201
660441
118870
349757
178581
690265
358288
918344
948083
260844
766368
971231
850140
363927
165821
587908
895200
732610
654684
769158
791529
712617
506539
750675
503262
371164
760929
320504
494764
377613
617581
617691
845452
246857
709894
242117
103932
174937
703328
468836
136380
575495
652090
755170
821346
940076
498769
604326
694844
842963
512834
775907
766690
684617
113824
857109
806681
569407
687763
570900
137716
840664
660380
673196
988644
670097
808751
709372
289938
331086
624199
452418
916448
220512
496017
247481
411337
754221
124503
320927
203559
873832
729108
161973
899938
407552
288585
363637
547046
128104
452585
115332
988684
917834
509831
192027
408606
922070
760487
972320
694008
607677
574009
598255
629150
216267
685592
816490
634455
485384
141783
153854
275379
532711
222247
760782
325219
830394
830646
837049
778735
561277
364990
357251
137925
118207
900122
937745
890399
867584
580781
528518
430311
616290
316136
608825
177283
883857
944887
771768
553968
648683
288431
106899
565015
613710
665372
780430
412542
923687
676901
659565
195305
705753
348840
152318
513234
621086
477469
815498
716077
750941
620028
397432
901718
165393
303563
500133
118840
769733
143316
371713
764688
136893
751755
331832
738673
613606
697161
337490
439025
395919
812526
374135
368255
721233
535598
633838
139540
444072
218834
283551
467016
172517
212698
589158
908654
427886
944169
742382
111154
993167
798084
790929
386198
899862
414953
708676
317706
563428
985395
499904
184153
733426
145105
216716
458503
843029
181133
241595
965150
416273
180880
977318
198992
541144
696751
501086
800812
517112
688117
291571
817299
340469
114916
112761
371678
768847
429707
295684
260653
923144
999242
108755
708225
113798
267023
737400
535541
687836
553955
748207
117278
821549
560926
661175
447226
526129
281444
269952
229941
897125
847611
475801
712576
693561
690533
499046
878417
534642
285744
752225
402320
756353
446557
169866
659367
224589
384721
887649
773387
806782
143416
242260
922841
935743
403258
238623
707669
934296
963269
740453
762206
518089
291762
150372
347686
733453
618690
436586
438322
522998
614764
142961
826950
561186
993987
177343
635401
199110
180929
852709
617511
953116
299213
733500
871705
410671
523595
828574
968126
918183
464311
821158
616041
422657
956110
918059
367929
973269
886843
796329
810889
799968
118728
781317
627350
982186
999903
940015
272794
190204
137257
639717
799698
832085
960628
995209
895533
579264
667146
344920
906526
750288
897778
398218
828340
655732
163479
209623
906960
740453
878006
790958
153352
761696
839617
992834
549797
879197
103351
144963
770423
107608
584199
822011
594537
643230
235660
686708
157418
373817
688777
771901
691050
481184
277750
138669
745313
490187
381323
372422
811346
463013
288754
601982
617511
576907
247423
812776
615079
488091
663003
818561
967860
487583
788450
594362
485104
133258
966047
397451
519423
730984
852124
496440
286969
770244
153667
654475
735999
890863
291807
729470
695549
931621
639541
417678
525532
157603
214890
198959
931155
357176
701438
230104
924192
513082
930727
444550
788056
257608
680505
805506
607291
330259
205246
947586
271028
103839
217143
526055
354295
974594
113180
775882
918815
217136
645304
573972
461279
275525
203587
619632
828429
447972
130589
419763
278361
937698
138561
258984
166444
846367
482170
825990
926498
846815
832089
696324
861400
650315
845262
943749
448503
774547
758787
147561
332004
343560
574309
204258
926191
862084
162465
359674
310613
305795
672990
617722
250929
815281
246488
109829
739099
655820
845307
931019
717434
589630
827041
421535
664164
663491
846680
155608
828645
589315
304406
697653
302805
892888
308975
928237
141323
679869
995104
849584
241787
917345
391533
288808
908256
558265
738007
805846
723261
349535
385827
855032
972372
520232
505912
342987
199666
493582
875656
541588
600991
766868
137920
566221
260906
964197
647118
177516
735228
489382
743569
836095
709272
958115
267083
750678
765539
193901
362770
946096
836740
107267
682766
195856
549038
176821
647564
526234
364169
891137
585496
758972
285940
651259
715813
417231
989272
236237
141720
558091
849351
152959
368982
351997
380574
125764
667528
396735
751978
382928
518084
134443
150795
482116
338881
316139
179735
955355
807462
210801
309426
392583
116997
853134
418318
101706
670866
771891
360971
213644
265815
310980
292579
591087
416153
738174
417542
243737
159035
514779
828849
259427
301737
892762
545735
164214
898005
491916
240717
804065
639930
966630
499182
147013
640051
255319
655587
740411
497365
117120
702022
148434
546025
596918
738369
394612
969724
243504
401353
148048
847782
225955
669972
691452
122055
951440
145088
150898
143492
562943
237942
464234
784825
541665
905174
627790
328088
514831
648206
623493
938057
114001
285657
895501
103330
440820
555928
332987
475848
614461
144716
197797
114058
275825
440385
119641
562402
605619
492431
279581
806706
829260
709582
825570
777241
311303
707647
498871
833192
978743
276527
345176
825060
758630
635178
656769
828433
708706
447746
948399
773894
208369
524549
936555
163138
779759
169359
101214
955026
635935
160655
473384
865570
325526
850196
579700
963875
685705
304582
183435
282292
108874
630644
948502
874973
973968
744463
365471
989642
228781
778441
484099
167727
591708
166711
149316
541875
343523
683940
321990
432651
271619
852313
695190
238338
146360
440995
340577
914467
810505
899866
469521
223775
376778
643830
955099
636937
167789
984054
114613
258379
394904
507021
919995
950721
896033
788236
259967
197382
807554
229014
817130
763321
975145
839349
973301
868629
503034
965423
201586
197261
636224
796103
668879
426065
898585
811821
285033
485884
718997
877628
638860
616860
345041
510584
301770
592025
359189
120257
212779
437881
274101
702536
301253
159320
102013
517773
615356
782541
880963
507113
906856
924491
288916
848971
890621
377893
795312
420646
305838
924174
698404
697338
256344
109310
407179
706730
143910
900068
750982
606958
916784
175524
377314
135938
521920
154597
908002
655350
661947
148798
955246
665506
326235
698280
460460
652856
926555
454684
539663
217152
202929
214957
739373
610841
877268
252532
315121
574532
431680
570793
897975
314119
672933
880174
967469
253815
651862
205858
796736
591046
547850
415781
529777
213634
653564
